0
11000
1110
110
11100010
11100011
10
11110011
11111000
11
10101
11110010
11100100
1100
11101001
11001
100
11
11101001
11111
11100111
11100100
11111
11100100
11111101
11100101
100000
10011
11001
11010
11110100
1100
100
11110011
11110111
1000
11101110
1
11100
11110011
100000
11010
11010
11110111
1001
11111110
10101
11100
11111001
110
11101
10000
101
10001
11101000
11111
1110
11100111
1001
11100111
1010
11101101
1111
11111011
11111001
10111
11110111
11100101
100000
11110101
11011
10110
11
11111101
1011
11101
11110000
11101110
11110110
1111
11100001
11111000
11110100
11100101
11111101
11111011
1001
1100
11100010
11101
11111010
11110111
11
11100001
11100111
11110
11100
11100011
10001
11100010
11110001
10100
11100110
101
11101000
10101
11100000
11101
11100011
1111
1100
11100001
11100101
11100101
11110000
11111100
1110
100
10110
110
101
11101110
10000
11110011
11010
11111010
1111
11101011
11100
11100001
10100
111
1101
11100011
11110
10101
11100000
11001
11101001
101
10110
11001
11101110
11111011
1111
11110001
100000
11110001
11111010
11111000
11100001
11100010
11101000
1011
11111101
11110000
10101
11101010
11111100
11110001
11101100
11000
11101100
11011
11111101
11101000
11100010
11101110
1011
10111
11001
10011
11
11100011
11111001
111
11
10000
11111100
11100001
0
11100011
10011
11111111
1110
10011
11110011
101
11101001
11010
11110
11111
11100110
11001
11011
111
1001
11100110
0
11100001
11010
11000
11100
11111001
1100
10
11110000
11011
11100011
110
11110101
11110001
11111101
1110
11110101
11101110
11101100
11101010
11111100
11111000
11001
11111
111
11110101
1011
11100111
10101
11
11100111
11110000
11111110
11101101
11101110
11100011
11100101
11101000
11111101
11111
100
11110110
11111101
1101
10100
11100101
11101010
101
11101101
10001
11101010
11111111
1010
1111
11100001
11000
11100001
11001
11001
1101
11101010
11010
11111111
11101110
10
11100010
1001
11101110
110
1
11101011
11101100
11111111
11111011
1001
1010
11110111
11110001
1001
0
11100100
11100
1010
11100110
11010
11100101
1010
11111111
11110101
10101
