1010
11001
11100100
111
11110101
11110101
11110111
11111101
11100111
1000
10111
10010
11111000
11110110
11110
11101010
11110000
101
11101010
1010
10011
11110
1111
11111000
100000
11
11111110
11010
10011
11111011
1010
11111011
11111001
11101100
10000
11100011
11111100
11111001
100
11111
11011
11010
11110000
11110111
11110001
11101000
1010
10000
10110
10101
11110100
11110111
11100101
1101
11
11101101
0
10111
11100101
1001
11101000
0
1010
11101
100000
1110
11011
11101100
11110011
100
11101111
1
1010
11110101
1
11101101
1110
11011
1
10000
11110100
11100101
11111101
11100101
11001
11110110
10000
11111011
11110001
1011
1011
11
11111011
11100101
11101100
11101011
11110000
1011
11110101
10000
11100101
11000
10110
0
11101101
0
11
11110111
11111011
11111010
11101110
110
11111000
10110
1111
11101
11111111
11100
11101001
10100
11101
10100
11101000
11100100
11110010
11111111
1000
1011
11111101
11101100
11101000
11011
11010
10110
11111001
11110100
10001
11111011
1110
100000
11110111
111
11101
11
11111000
11111000
11100101
1011
11110101
1001
10011
11111111
11111000
11101100
11100010
11001
11101001
10011
10
11111110
11100100
11100100
11111000
10111
11110000
1011
11101001
111
11110
11101100
10011
101
11101111
11100100
10101
11111
11111000
11101101
11110001
11000
11100110
11111000
11100010
10111
11010
11100101
11100101
11101010
11110101
10110
11100110
11101111
11110011
11110110
11100011
11110011
1
11100011
1001
1111
11100001
1010
11101110
11110101
0
1010
11110000
11010
1000
11110
1110
11100010
11110001
0
11110111
10010
11100101
1111
11100
11111010
11111101
11110010
11101000
11111110
11111110
1010
11111101
11101001
11111
11101111
10001
11101101
1100
10011
11101111
10011
10010
11110001
11100110
111
1001
11111110
11111111
11111110
11110001
110
11101010
100
11111
11101011
110
11110011
11100101
10010
11111100
11
11100100
11110100
11110010
11110101
11101111
1111
11110101
11101110
11111
11110110
11111011
11110101
101
11101100
11011
1011
1100
10000
11001
11110101
11110111
11111000
11110101
100
11110011
11111
100
0
11111001
11110110
11101000
10
1011
1000
1110
11100010
10101
11110001
11101000
11101000
11110
11
11
11111110
11101001
11101100
11101
10100
11111100
0
11110000
11100111
11111
11110111
11100100
11111001
11110110
11101110
11111111
110
11000
11100
1100
11111
11101011
11011
11100101
11100101
11100001
11101111
11110111
11100101
101
11110000
1110
11101101
1100
10010
11100100
1
1000
10001
11100101
11100
11110000
11100001
11100101
11000
11101100
11101
11100000
11
11001
11111111
11110110
11110101
110
11111011
11111011
11011
10111
11101110
10111
11100101
11110000
11111011
1011
11101111
11101001
11100101
11110111
11101111
11101110
11100100
1000
1011
0
11111001
11111010
11110111
10
11111000
11111011
11110000
11111010
11111
11110
10101
11100101
10010
1
11110110
1110
11110111
10
11110110
11110011
11101
11
11001
11111001
11111100
1110
1011
11100011
11100011
11100001
11010
10010
11111001
11111
11111100
10011
10101
11110010
11111010
10011
10100
11111111
11011
100
10101
11111111
1100
11111
11111100
1110
11100011
1110
11111110
11110100
11111100
11111
11111100
11111000
11101101
11110111
11110101
1
11101111
11101010
11100110
11011
11110100
10001
111
1010
11110001
11110111
1110
11010
11000
1001
11111000
1100
10101
100
10010
11111111
11111001
1100
11101100
11101101
11100101
11100011
11100110
1010
0
11111101
11111111
10111
11111011
1010
110
101
100
11110111
11011
1001
11100001
11101110
11110100
100
11111011
11110010
11110101
10
11101
11110010
10011
11111001
11100111
11100111
11110001
11111111
10110
10100
11011
10101
1100
11100
11111010
11101
100000
11101111
100000
11111111
11111011
100
11110010
1111
11110010
1001
1110
11101
11110010
